3 136
0 30
0 146
0 52
0 16
0 20
0 22
0 50
0 25
0 42
0 147
0 16
8398341 70
0 40
0 78
1124611 49
7943 95
6715398 80
8622851 51
0 96
1519107 72
8220416 56
0 21
0 30
5599491 67
0 84
5629187 62
0 80
11648259 75
0 31
0 14
13957635 70
0 45
12834563 72
0 28
0 34
16301317 59
0 37
0 45
0 56
0 59
2050 95
8422400 53
0 36
7286531 57
0 62
9056773 82
6919 95
0 58
0 76
15885315 90
66 42
42 61
34 42
19201 100
8454 64
35 42
53 6
0 80
0 119
59 74
111 123
40 52
86 100
77 89
79 97
2 101
0 92
17409 110
58 78
72 89
39 101
0 60
67 83
53 67
19 25
0 34
87 108
64 85
0 76
3 32
65 80
22 42
0 66
57 67
6 59
7 115
4 30
97 108
20 37
0 65
30 42
15107 58
77 97
0 85
48 62
18177 111
0 53
8 78
11 23
4294967222 42
81112 42
0 71
15824897 48
4916737 78
2276617 108
0 147
0 110
0 151
0 287
10427658 279
0 217
514 219
3080970 259
5884683 308
10053891 206
9905414 345
0 314
11005962 442
1026 319
8612107 324
4507136 417
3979273 415
2050 523
11639818 428
6968588 470
10493449 592
3575553 534
14958081 680
6583818 495
15149835 725
12105481 593
12905995 684
10382080 577
4386307 630
7147532 844
11680779 621
12505100 896
16387 682
2438147 855
10186755 693
11689995 845
15339018 881
4937220 800
4845836 1021
4871 802
5628419 956
3428608 988
12485130 943
14049547 813
7207948 1032
1026 868
12902403 1258
4434955 1026
13568773 1330
620809 1163
14640643 1253
850944 1302
9571075 1196
8194570 1133
2843146 1180
13688579 1336
2848775 1381
12713227 1247
12953859 1516
2838026 1390
10670603 1512
8201731 1505
14107659 1602
6152961 1601
8701955 1359
13237001 1676
7034887 1501
13256459 1427
14346250 1561
4355849 1619
9993 1638
13896195 1688
8010251 1533
7020803 1597
1027083 1812
5400586 1595
2692617 1679
1376515 1727
7643395 2125
3790083 1990
13710347 2036
4866 2067
15924481 1922
5024268 1922
6608133 1759
12371979 1856
6419466 1801
8629258 2003
5952777 1984
1282 2235
9093388 2098
10251779 1906
0 100
0 115
0 67
0 62
0 111
16 125
0 6
0 97
14864 38
0 168
0 134
35 42
0 171
0 85
0 92
0 163
40 42
0 71
3 148
0 86
13 60
0 49
0 180
13570 40
0 113
0 168
0 7
0 171
0 68
0 63
17922 35
0 111
0 153
0 65
0 19
50 42
0 15
0 118
0 43
49 42
11 25
0 101
0 117
0 89
0 114
0 132
0 169
8 48
0 126
62 42
0 80
0 119
0 129
0 191
0 177
0 58
0 172
0 175
0 22
0 6
0 81
6 35
6 43
6 43
720 1
18 42
6 42
6 52
1 28
6 54
6 42
24 1
24 1
24 1
24 1
24 1
24 1
24 1
24 1
24 1
24 1
120 1
120 1
120 1
120 1
120 1
120 1
120 1
120 1
120 1
120 1
720 1
720 1
720 1
720 1
720 1
720 1
720 1
720 1
720 1
720 1
267914296 223
0 57
13932554 32
0 114
64015 86
0 125
0 155
12040213 170
1794 126
14552842 231
11624705 212
0 362
15919107 347
770 309
7760393 336
14413057 461
10610691 361
13704960 474
6393109 295
11944460 585
758284 485
7109141 402
1794 405
5725445 520
16301573 632
6180352 554
3366931 684
14872853 717
19 602
13135893 604
11666954 595
11740693 581
14136332 688
10931212 670
8996867 743
3684618 709
64015 947
3119893 604
6028811 858
1794 916
10767372 732
63759 884
64015 876
19 783
8852234 800
18 1041
64271 1026
12295 794
1031 842
5608963 930
13303299 1108
2641419 1395
8467717 1085
7304469 1097
19 1173
19 1333
986121 1301
10564101 1325
19 1214
15087620 1300
13983751 1230
7721988 1280
19 1425
4804611 1558
1222660 1073
13310229 1440
10997259 1461
9345034 1202
19 1379
990208 1664
4470791 1499
8604693 1463
14438663 1655
16630534 1542
62735 1434
10759946 1680
5127 1638
1290499 1470
8754453 1596
1172746 1702
19 1760
0 252
0 14
0 7
0 157
0 238
0 428
4616 346
0 511
0 456
12751371 659
0 668
0 742
0 828
0 983
0 993
0 1109
0 1268
0 1461
0 1422
0 1493
19 32919
7352852 32517
13927426 32182
11759378 33022
8970245 32993
770 3514
0 3991
1794 3757
0 4090
0 4043
65039 3881
0 3542
0 2777
0 4230
0 3694
0 3115
0 3118
0 3958
0 4083
0 3211
0 3714
770 3506
0 3733
0 3224
0 3515
0 3758
0 3843
0 4145
0 3597
9020672 2883
0 3864
0 3986
9020672 3342
0 4203
0 3577
0 3788
0 3470
65039 4139
65039 3116
0 3618
64782 3566
0 3941
0 3755
0 4220
0 3831
0 3941
0 3671
0 3297
0 3349
0 3481
770 3207
0 4170
0 3953
0 4145
0 3471
0 3000
0 3106
0 4319
0 3653
0 3359
0 3581
0 3580
0 3183
0 3557
65039 3296
0 3244
0 3893
0 4119
64782 3395
0 3671
64782 3785
0 3325
770 3738
0 2852
64782 3987
0 3281
0 3623
0 4206
0 5151
1794 3598
1794 3863
0 3288
0 3384
0 2921
0 3670
0 3528
0 4235
0 3840
0 4221
0 3871
1794 3532
0 4120
0 3742
0 3324
0 3420
0 4060
1794 3343
0 3875
0 3483
0 3371
