3 136
10954499 45
0 38
4171780 40
0 50
0 32
0 26
0 16
0 5
0 49
0 54
3765507 84
0 64
0 68
0 26
0 152
71683 54
0 42
0 55
0 39
10465283 62
5037059 26
0 62
13914371 82
0 74
0 47
0 32
0 48
0 35
0 78
0 29
10344707 82
0 56
0 69
0 50
0 64
11490308 81
0 96
14416388 81
0 83
0 36
0 58
0 70
0 42
0 90
0 55
0 52
0 90
0 56
0 77
5633795 53
6 15
0 7
17 37
18 90
9 11
4 52
27 42
7 48
75 42
10 15
15 97
0 103
11 8
43 42
0 62
11 89
12 62
12806 41
0 44
36 42
6 41
0 6
11 95
51 42
10 95
31 42
3 201
11 31
0 94
25 42
21 42
0 17
30 42
79 42
13 22
3 67
39 42
57 42
24 42
48 42
0 33
12 42
10 80
11 27
0 84
6 28
11 84
0 28
0 102
-55 42
92409 42
3417612 15
0 23
0 70
0 118
0 112
0 181
7658506 115
14058762 152
3497472 216
5709315 151
0 263
3912714 249
8476678 237
3868937 241
9411338 455
0 405
0 255
3330 360
0 499
4153856 289
583683 496
3072513 516
1141258 487
15798275 531
3743498 623
2569987 585
770 497
12726275 518
12470282 694
4610 691
5320713 701
14886661 801
10601226 671
10238467 617
7803907 734
3658249 695
14440459 831
3798787 930
9287434 903
9942272 1019
11009025 792
10073099 889
10805761 943
8796423 714
7555339 1054
10688774 1068
10929671 1122
11568128 915
15662339 1153
14898442 1056
17671 981
2818 1069
11654154 1250
5126659 996
3467531 1201
6691594 1106
1287 1108
6571530 1238
2696715 1261
3504643 1266
5297411 1131
12887050 1487
4946185 1263
16244492 1416
3591937 1344
11954435 1397
2697733 1551
14564620 1576
7048449 1359
2637067 1687
13980425 1357
8535041 1605
9394944 1663
2807555 1512
4615 1680
8640009 1368
4157956 1811
11554054 1641
13547523 1759
5425674 1700
1794 1458
2050 1992
11847687 1779
2487819 1685
6666244 1892
14819077 1754
11414284 1855
16049414 1978
9479 2089
4252170 1915
487179 1738
1615619 1921
14075907 2007
15054341 2112
4963331 2165
1543 2157
0 209
0 115
0 185
0 133
0 199
0 88
0 189
5 187
0 184
12 35
53 42
0 60
0 196
0 8
0 9
0 197
0 178
0 145
0 56
0 25
0 111
0 23
4098 40
0 65
78 42
0 59
0 162
0 167
0 106
0 194
0 99
0 72
0 199
0 16
14352 38
0 59
0 80
69 42
76 42
4 155
0 151
0 155
0 67
0 176
0 59
2 104
0 140
0 29
0 87
0 27
0 179
0 69
0 193
3 48
0 102
53 42
0 171
0 144
0 83
0 173
0 174
120 1
2160 1
6 70
6 46
6 43
6 42
6 42
6 43
1 20
6 73
24 1
24 1
24 1
24 1
24 1
24 1
24 1
24 1
24 1
24 1
120 1
120 1
120 1
120 1
120 1
120 1
120 1
120 1
120 1
120 1
720 1
720 1
720 1
720 1
720 1
720 1
720 1
720 1
720 1
720 1
267914296 223
0 47
0 78
6151 123
0 78
7205641 75
0 143
2884618 141
8711 170
3637509 152
0 249
14864396 159
12058373 357
64015 345
263 260
12710404 451
19 272
4136469 352
821002 365
9216010 345
14661641 443
15075861 364
63759 497
0 614
12891923 458
7263500 589
19 480
7675147 523
14558215 531
9162243 377
4542473 733
6021897 765
785155 579
9654790 691
15749379 763
19 740
14665478 877
15084544 740
14674438 796
242179 853
13121286 900
514 1026
19 911
10096128 946
19 777
8422677 1076
13404693 986
2798598 1056
1031 1037
12534276 1118
14468885 1196
7122709 944
19 1181
8743946 1189
19 1080
650515 1188
1825546 1310
11160585 1478
19 1273
39189 1121
4866 1475
9489157 1363
16237831 1523
3296021 1438
19 1031
3835913 1534
7966727 1403
10175756 1387
19 1552
3255302 1550
18 1321
3470604 1601
19 1648
11059974 1477
6001161 1667
12494346 1744
19 1444
16300811 1664
1794 1757
19 1729
19 1512
0 491
0 20
0 68
0 204
0 159
0 387
0 356
0 486
0 517
0 694
0 710
10754 770
0 706
0 1130
0 1050
0 1200
0 1179
0 1246
6832404 1305
7525120 1400
18 32592
357140 31977
9670674 32952
-789790253 32503
1818374698 32802
1794 3952
770 4001
0 3397
1794 3489
64782 3630
0 3583
0 2892
0 3429
0 3958
0 3449
0 3965
64782 3946
10326528 3311
0 3415
0 4374
0 3713
0 3522
0 3717
0 3700
770 3154
1794 3043
10326528 3329
0 3156
0 3819
0 3769
0 3910
0 3939
1794 3186
0 3689
0 3712
0 2902
0 3785
0 4102
0 3511
0 2942
0 3789
0 3216
770 3118
0 3747
0 3282
0 4036
0 3931
0 4085
0 2791
0 3895
0 3612
0 3366
770 3716
0 4181
0 3773
65039 3823
0 3403
0 3883
0 3307
0 3164
0 3815
0 4290
65039 4105
0 3622
0 3256
0 3719
1794 3146
0 3569
0 4108
770 3615
0 3550
0 3828
0 3605
0 3522
0 3351
1794 3738
65039 3523
65039 3660
65039 3852
0 3008
0 3068
0 4037
0 3536
0 3790
10326528 3297
0 3355
770 3968
1794 2996
0 3800
0 3246
64782 3469
1794 3632
0 3417
0 3897
0 3468
0 3478
1794 3174
0 3517
0 4128
0 4309
