3 136
0 12
0 50
0 143
12939776 40
9634307 43
0 51
0 34
0 8
0 63
0 104
0 55
0 41
8251908 50
0 73
7175 56
7170054 345
13075203 68
16591619 50
0 14
692227 71
0 92
0 70
0 68
9374979 87
0 18
0 25
0 58
0 151
0 57
0 48
0 47
3393793 69
3203332 92
0 12
0 56
0 63
11480835 85
0 56
0 58
15634947 74
4054275 71
0 82
0 90
0 55
0 34
5059843 41
10838531 80
0 61
0 47
0 11
37 42
0 79
0 101
0 64
0 113
30 42
0 61
52 65
101 118
38 42
6 101
16385 105
69 80
0 129
45 74
0 43
1537 117
0 39
64 42
0 56
4 66
32 42
89 99
0 72
99 113
80 96
0 116
37 42
16 25
11009 98
20 40
13569 83
17153 82
0 122
27 42
9477 38
19457 26
0 89
69 82
13 56
22 39
35 59
40 40
90 110
0 118
44 33
94 42
14 30
10753 70
4294967265 42
108657 42
0 85
0 72
0 120
2120716 116
1794 144
2305539 42
5078790 205
5122 150
15889930 193
6744073 208
0 254
13926662 252
10027017 302
13817098 300
3472899 410
15472133 270
0 479
3720451 434
3418368 575
11995139 350
8031747 595
4781578 412
12293635 474
1326347 587
7124998 670
4513542 637
10159363 638
2120204 569
3133449 583
12585731 634
22023 711
6518537 609
3842 675
13690885 619
1026 765
11446532 800
258 770
16681219 624
2567 706
12270599 982
8603142 952
10921228 1015
12078092 866
1932291 1159
4502028 910
780300 908
9657606 1029
13585923 1025
13598217 936
1652993 944
4764675 1032
4194315 1049
5453315 1145
11140355 1102
14390022 1303
15880448 1096
9054211 1183
10720522 1304
14343 1321
7175 1061
7416326 1468
16119307 1324
2705675 1432
14549002 1136
9568261 1289
16391 1167
16637194 1431
8140041 1347
5818629 1541
689411 1608
2947084 1558
4950027 1611
5893632 1691
5513991 1698
10985481 1534
13773324 1654
12675594 1372
12901639 1712
5700099 1515
13591564 1619
5121292 1699
5866505 1704
6064131 1748
18695 1852
7926538 1832
3638028 1987
1595913 1822
3793419 1956
13006592 2163
6759435 1908
11146243 1740
12971013 1680
8403980 2127
12919043 1933
10651652 1881
11971339 2082
0 147
0 82
0 86
73 42
0 83
0 103
4368 38
0 126
0 59
0 56
0 7
0 123
0 113
0 140
0 111
11 147
0 3
13 23
0 69
0 148
0 114
0 19
0 194
0 7
0 54
0 109
0 101
0 149
0 138
0 186
0 158
0 86
0 166
0 17
13 91
0 140
0 58
0 109
0 82
59 42
0 182
0 100
76 42
14609 34
0 54
0 113
0 128
0 145
0 8
0 145
11 157
0 74
53 42
0 22
0 93
5384 31
0 78
0 189
0 131
25 42
0 115
6 59
6 72
6 69
6 59
6 58
6 43
9 37
6 57
6 65
6 43
24 1
24 1
24 1
24 1
24 1
24 1
24 1
24 1
24 1
24 1
120 1
120 1
120 1
120 1
120 1
120 1
120 1
120 1
120 1
120 1
720 1
720 1
720 1
720 1
720 1
720 1
720 1
720 1
720 1
720 1
267914296 223
0 67
0 63
0 90
0 67
107532 95
11184149 157
13907466 164
0 121
7781895 320
19 184
10819587 270
16711174 335
16393228 307
0 360
1114113 336
19 350
4000533 463
3866901 367
9209347 486
4840193 492
3488000 476
64271 471
16493834 595
8505867 469
11090694 623
64015 630
9086473 689
15901707 664
10571779 598
4871 713
6077447 648
8295174 738
15930645 646
3586 940
2433813 691
1794 813
1058069 900
19 895
6053644 934
9813772 916
10379779 1054
19 879
1401099 982
9363477 1073
1287 798
19 714
5852163 885
19 950
10247 1056
4534025 1052
2306 1147
3779588 1164
4191747 974
6278662 1064
19 1001
19 1219
1741067 1155
19 1094
12018185 1362
15011337 1021
2389523 1119
9055237 1559
8140297 1478
5348869 1284
1794 1216
1794 1614
15470851 1198
16704771 1247
8511754 1664
7218709 1564
12118284 1583
4846603 1484
843786 1712
5694469 1706
12463883 1577
2128133 1732
12120074 1435
1721347 1811
4520202 1900
6166028 1470
0 486
0 63
10785027 37
0 256
0 189
0 371
10754 417
0 521
8836611 514
0 783
2106123 731
0 809
0 792
0 976
0 945
0 1158
0 1179
0 1340
0 1278
0 1462
13254408 32914
6059271 32165
1487372 31935
15114506 32251
251045564 33837
16394752 3823
0 3926
0 4035
0 3391
0 3795
0 3261
0 2973
0 3491
0 3808
0 2539
64782 4010
1794 3684
1794 3191
0 3330
0 4015
0 3760
65039 3811
770 3801
0 3516
0 3081
0 2968
0 3918
0 3685
0 3855
0 4410
0 2906
0 3161
0 3765
0 3135
0 3461
0 3837
0 3736
0 4367
0 3563
65039 3645
64782 3163
0 3187
0 3920
0 3704
0 3455
0 3507
0 3114
65039 3452
0 3388
0 3654
0 3604
0 3446
770 2907
0 3545
0 4160
16394752 3382
0 3780
0 3499
0 3383
0 3426
0 3834
770 3868
0 3793
16394752 3654
0 3647
0 3575
0 3797
0 3661
0 2957
0 3795
0 3585
1794 3204
0 4021
0 3414
16394752 3384
64782 3698
1794 3435
64782 3704
0 3660
0 3419
0 3865
64782 3963
0 3839
0 3476
0 3207
0 3714
65039 3164
0 3595
64782 3760
0 3556
64782 3410
770 3644
0 3780
0 2956
0 4247
0 3370
0 3777
0 4019
0 3012
0 3058
